Year,Bio,Blog,CompanyName,CompanyUrl,ImageUrl,Name,Title,Twitter,Id
2017,empty bio,http://blog.example.com,Test Company,http://company.example.com,http://image.example.com,Speaker Name,Speaker Title,@example,123